4/25/19
Time         Wind Dir   Wind Spd  Wind Gust   Humidity       Temp   Tot Rain Wind Chill Heat Index  Dew Point   Barom SL  DailyRain   HourRain   RainRate
                    °        mph        mph          %         °F         in         °F         °F         °F         in         in         in      in/hr
12:00am             9          2          3         31       50.9       8.35       50.9       50.2       21.4      23.58       0.00       0.00      0.000
12:02am             9          1          3         31       50.9       8.35       50.9       50.2       21.4      23.57       0.00       0.00      0.000
12:04am             9          0          3         31       50.9       8.35       50.9       50.2       21.4      23.56       0.00       0.00      0.000
12:06am            10          2          3         32       50.9       8.35       50.9       50.2       22.1      23.57       0.00       0.00      0.000
12:08am            10          0          3         31       50.8       8.35       50.8       50.1       21.3      23.57       0.00       0.00      0.000
12:10am            10          0          3         31       50.8       8.35       50.8       50.1       21.3      23.57       0.00       0.00      0.000
12:12am            10          0          3         31       50.6       8.35       50.6       49.9       21.1      23.57       0.00       0.00      0.000
12:14am            10          0          3         32       50.5       8.35       50.5       49.8       21.8      23.56       0.00       0.00      0.000
12:16am            10          0          3         32       50.3       8.35       50.3       49.6       21.6      23.57       0.00       0.00      0.000
12:18am            10          0          3         32       50.0       8.35       50.0       49.3       21.3      23.57       0.00       0.00      0.000
12:20am            10          0          3         33       50.0       8.35       50.0       49.4       22.0      23.56       0.00       0.00      0.000
12:22am            10          0          3         33       49.9       8.35       49.9       49.3       22.0      23.56       0.00       0.00      0.000
12:24am            10          0          3         33       49.7       8.35       49.7       49.1       21.8      23.56       0.00       0.00      0.000
12:26am            10          0          3         33       49.6       8.35       49.6       49.0       21.7      23.57       0.00       0.00      0.000
12:28am            10          0          3         34       49.5       8.35       49.5       49.0       22.3      23.56       0.00       0.00      0.000
12:30am            10          0          3         33       49.3       8.35       49.3       48.7       21.4      23.57       0.00       0.00      0.000
12:32am            10          0          0         34       49.2       8.35       49.2       48.7       22.0      23.56       0.00       0.00      0.000
12:34am           246          0          2         34       49.3       8.35       49.3       48.8       22.1      23.56       0.00       0.00      0.000
12:36am             3          0          3         35       49.9       8.35       49.9       49.4       23.4      23.56       0.00       0.00      0.000
12:38am           106          0          3         34       50.6       8.35       50.6       50.1       23.3      23.58       0.00       0.00      0.000
12:40am             0          2          3         33       51.6       8.35       51.6       51.0       23.5      23.57       0.00       0.00      0.000
12:42am            88          1          3         33       52.5       8.35       52.5       51.9       24.2      23.57       0.00       0.00      0.000
12:44am           124          2          3         33       53.4       8.35       53.4       52.8       25.0      23.56       0.00       0.00      0.000
12:46am             6          3          3         32       54.4       8.35       54.4       53.7       25.2      23.56       0.00       0.00      0.000
12:48am            83          2          3         31       55.2       8.35       55.2       54.5       25.1      23.57       0.00       0.00      0.000
12:50am             3          2          5         30       55.9       8.35       55.9       55.1       24.9      23.55       0.00       0.00      0.000
12:52am            38          0          5         30       56.4       8.35       56.4       55.6       25.4      23.56       0.00       0.00      0.000
12:54am             5          2          5         30       56.6       8.35       56.6       55.8       25.5      23.56       0.00       0.00      0.000
12:56am             0          2          5         29       56.9       8.35       56.9       56.0       25.0      23.58       0.00       0.00      0.000
12:58am           122          2          5         29       57.1       8.35       57.1       56.2       25.2      23.58       0.00       0.00      0.000
1:00am             36          4          5         29       57.4       8.35       57.4       56.5       25.4      23.57       0.00       0.00      0.000
1:02am              3          0          5         29       57.4       8.35       57.4       56.5       25.4      23.56       0.00       0.00      0.000
1:04am             35          0          5         29       57.5       8.35       57.5       56.6       25.5      23.56       0.00       0.00      0.000
1:06am             30          0          5         29       57.5       8.35       57.5       56.6       25.5      23.56       0.00       0.00      0.000
1:08am             87          2          5         29       57.5       8.35       57.5       56.6       25.5      23.55       0.00       0.00      0.000
1:10am             52          0          5         29       57.5       8.35       57.5       56.6       25.5      23.57       0.00       0.00      0.000
1:12am              4          0          5         29       57.5       8.35       57.5       56.6       25.5      23.56       0.00       0.00      0.000
1:14am            178          3          5         29       57.5       8.35       57.5       56.6       25.5      23.56       0.00       0.00      0.000
1:16am              6          1          5         29       57.5       8.35       57.5       56.6       25.5      23.56       0.00       0.00      0.000
1:18am              5          0          5         28       57.5       8.35       57.5       56.6       24.7      23.56       0.00       0.00      0.000
1:20am            145          2          5         29       57.7       8.35       57.7       56.8       25.7      23.57       0.00       0.00      0.000
1:22am            254          1          5         29       57.7       8.35       57.7       56.8       25.7      23.55       0.00       0.00      0.000
1:24am              2          2          5         29       57.8       8.35       57.8       56.9       25.8      23.55       0.00       0.00      0.000
1:26am             19          0          5         29       57.7       8.35       57.7       56.8       25.7      23.56       0.00       0.00      0.000
1:28am              5          3          5         29       57.7       8.35       57.7       56.8       25.7      23.55       0.00       0.00      0.000
1:30am              8          1          5         29       57.7       8.35       57.7       56.8       25.7      23.56       0.00       0.00      0.000
1:32am             15          2          3         29       57.7       8.35       57.7       56.8       25.7      23.55       0.00       0.00      0.000
1:34am              6          0          5         29       57.8       8.35       57.8       56.9       25.8      23.55       0.00       0.00      0.000
1:36am            301          0          5         29       57.8       8.35       57.8       56.9       25.8      23.56       0.00       0.00      0.000
1:38am              6          1          5         29       57.8       8.35       57.8       56.9       25.8      23.55       0.00       0.00      0.000
1:40am            179          4          5         30       57.7       8.35       57.7       56.9       26.5      23.55       0.00       0.00      0.000
1:42am            266          0          5         29       57.5       8.35       57.5       56.6       25.5      23.57       0.00       0.00      0.000
1:44am            265          0          5         29       57.4       8.35       57.4       56.5       25.4      23.55       0.00       0.00      0.000
1:46am            252          0          5         29       57.1       8.35       57.1       56.2       25.2      23.56       0.00       0.00      0.000
1:48am              4          0          5         29       56.9       8.35       56.9       56.0       25.0      23.55       0.00       0.00      0.000
1:50am              4          0          5         29       56.5       8.35       56.5       55.6       24.6      23.57       0.00       0.00      0.000
1:52am              4          0          5         30       56.2       8.35       56.2       55.4       25.2      23.56       0.00       0.00      0.000
1:54am              4          0          5         31       55.9       8.35       55.9       55.2       25.7      23.55       0.00       0.00      0.000
1:56am              4          0          5         31       55.6       8.35       55.6       54.9       25.5      23.55       0.00       0.00      0.000
1:58am              4          2          5         31       55.3       8.35       55.3       54.6       25.2      23.55       0.00       0.00      0.000
2:00am              4          2          5         31       54.8       8.35       54.8       54.1       24.8      23.55       0.00       0.00      0.000
2:02am              4          0          2         31       54.3       8.35       54.3       53.6       24.3      23.55       0.00       0.00      0.000
2:04am              4          0          2         32       53.8       8.35       53.8       53.1       24.7      23.57       0.00       0.00      0.000
2:06am              4          0          2         33       53.6       8.35       53.6       53.0       25.2      23.56       0.00       0.00      0.000
2:08am              4          0          2         33       53.4       8.35       53.4       52.8       25.0      23.55       0.00       0.00      0.000
2:10am              4          0          2         33       53.2       8.35       53.2       52.6       24.9      23.57       0.00       0.00      0.000
2:12am              4          0          2         33       53.3       8.35       53.3       52.7       25.0      23.56       0.00       0.00      0.000
2:14am              4          0          2         33       53.1       8.35       53.1       52.5       24.8      23.56       0.00       0.00      0.000
2:16am              4          0          2         34       53.1       8.35       53.1       52.6       25.5      23.55       0.00       0.00      0.000
2:18am              4          0          2         36       53.0       8.35       53.0       52.6       26.8      23.57       0.00       0.00      0.000
2:20am              4          0          2         35       52.8       8.35       52.8       52.3       25.9      23.55       0.00       0.00      0.000
2:22am              4          0          2         34       52.5       8.35       52.5       52.0       25.0      23.56       0.00       0.00      0.000
2:24am              4          0          2         34       52.2       8.35       52.2       51.7       24.7      23.55       0.00       0.00      0.000
2:26am              4          0          2         34       52.0       8.35       52.0       51.5       24.5      23.55       0.00       0.00      0.000
2:28am              4          2          2         35       51.6       8.35       51.6       51.1       24.9      23.55       0.00       0.00      0.000
2:30am              4          0          2         35       51.4       8.35       51.4       50.9       24.7      23.55       0.00       0.00      0.000
2:32am              4          0          1         35       51.2       8.35       51.2       50.7       24.5      23.56       0.00       0.00      0.000
2:34am              4          0          1         35       50.9       8.35       50.9       50.4       24.2      23.56       0.00       0.00      0.000
2:36am              4          0          2         36       50.6       8.35       50.6       50.2       24.6      23.56       0.00       0.00      0.000
2:38am              4          0          2         35       50.2       8.35       50.2       49.7       23.6      23.56       0.00       0.00      0.000
2:40am              4          0          2         37       49.8       8.35       49.8       49.5       24.6      23.56       0.00       0.00      0.000
2:42am              4          0          2         37       49.6       8.35       49.6       49.3       24.4      23.56       0.00       0.00      0.000
2:44am              4          0          2         36       49.4       8.35       49.4       49.0       23.6      23.57       0.00       0.00      0.000
2:46am              4          0          2         37       49.3       8.35       49.3       49.0       24.1      23.56       0.00       0.00      0.000
2:48am              4          0          2         38       49.1       8.35       49.1       48.9       24.6      23.56       0.00       0.00      0.000
2:50am              4          0          2         38       49.0       8.35       49.0       48.8       24.5      23.57       0.00       0.00      0.000
2:52am              4          0          2         38       48.7       8.35       48.7       48.5       24.2      23.56       0.00       0.00      0.000
2:54am              4          0          2         38       48.4       8.35       48.4       48.2       24.0      23.56       0.00       0.00      0.000
2:56am              4          0          2         39       48.2       8.35       48.2       48.0       24.4      23.56       0.00       0.00      0.000
2:58am              4          0          2         39       48.0       8.35       48.0       47.8       24.2      23.56       0.00       0.00      0.000
3:00am              4          0          2         39       47.8       8.35       47.8       47.6       24.1      23.56       0.00       0.00      0.000
3:02am              4          0          0         39       47.5       8.35       47.5       47.3       23.8      23.55       0.00       0.00      0.000
3:04am              4          0          0         40       47.3       8.35       47.3       47.2       24.2      23.57       0.00       0.00      0.000
3:06am              4          0          0         40       47.2       8.35       47.2       47.1       24.1      23.56       0.00       0.00      0.000
3:08am              4          0          0         41       46.9       8.35       46.9       46.9       24.4      23.56       0.00       0.00      0.000
3:10am              4          0          0         41       46.8       8.35       46.8       46.8       24.4      23.57       0.00       0.00      0.000
3:12am              4          0          0         41       46.8       8.35       46.8       46.8       24.4      23.56       0.00       0.00      0.000
3:14am              4          0          0         41       46.5       8.35       46.5       46.5       24.1      23.56       0.00       0.00      0.000
3:16am              4          0          0         42       46.5       8.35       46.5       46.6       24.7      23.56       0.00       0.00      0.000
3:18am              4          0          0         43       46.4       8.35       46.4       46.6       25.1      23.56       0.00       0.00      0.000
3:20am              4          0          0         43       46.2       8.35       46.2       46.4       25.0      23.57       0.00       0.00      0.000
3:22am              4          0          0         43       46.2       8.35       46.2       46.4       25.0      23.57       0.00       0.00      0.000
3:24am              4          2          3         43       46.0       8.35       46.0       46.2       24.8      23.56       0.00       0.00      0.000
3:26am              4          0          4         43       45.9       8.35       45.9       46.1       24.7      23.56       0.00       0.00      0.000
3:28am              4          0          4         43       45.8       8.35       45.8       46.0       24.6      23.58       0.00       0.00      0.000
3:30am              4          0          4         43       45.6       8.35       45.6       45.8       24.4      23.58       0.00       0.00      0.000
3:32am              4          0          0         43       45.5       8.35       45.5       45.7       24.3      23.56       0.00       0.00      0.000
3:34am              4          0          2         44       45.3       8.35       45.3       45.6       24.7      23.57       0.00       0.00      0.000
3:36am              4          0          2         44       45.2       8.35       45.2       45.5       24.6      23.57       0.00       0.00      0.000
3:38am              4          0          2         44       45.2       8.35       45.2       45.5       24.6      23.59       0.00       0.00      0.000
3:40am              4          0          3         44       45.0       8.35       45.0       45.3       24.4      23.56       0.00       0.00      0.000
3:42am              4          0          3         44       44.8       8.35       44.8       45.1       24.2      23.57       0.00       0.00      0.000
3:44am              4          0          3         44       44.8       8.35       44.8       45.1       24.2      23.58       0.00       0.00      0.000
3:46am              4          0          3         45       44.7       8.35       44.7       45.0       24.7      23.58       0.00       0.00      0.000
3:48am              4          0          3         45       44.6       8.35       44.6       44.9       24.6      23.58       0.00       0.00      0.000
3:50am              4          1          3         46       44.5       8.35       44.5       44.9       25.0      23.58       0.00       0.00      0.000
3:52am              4          0          4         46       44.4       8.35       44.4       44.8       24.9      23.57       0.00       0.00      0.000
3:54am              8          0          4         46       44.4       8.35       44.4       44.8       24.9      23.57       0.00       0.00      0.000
3:56am              6          0          4         47       44.4       8.35       44.4       44.9       25.4      23.57       0.00       0.00      0.000
3:58am              6          0          4         46       44.3       8.35       44.3       44.7       24.8      23.58       0.00       0.00      0.000
4:00am              6          0          4         47       44.2       8.35       44.2       44.7       25.3      23.57       0.00       0.00      0.000
4:02am              6          0          0         47       44.1       8.35       44.1       44.6       25.2      23.57       0.00       0.00      0.000
4:04am              6          0          0         47       44.1       8.35       44.1       44.6       25.2      23.57       0.00       0.00      0.000
4:06am              6          0          1         47       44.1       8.35       44.1       44.6       25.2      23.57       0.00       0.00      0.000
4:08am              6          0          1         47       44.1       8.35       44.1       44.6       25.2      23.58       0.00       0.00      0.000
4:10am              6          0          1         46       44.0       8.35       44.0       44.4       24.6      23.57       0.00       0.00      0.000
4:12am              6          0          1         47       43.8       8.35       43.8       44.3       24.9      23.57       0.00       0.00      0.000
4:14am              6          0          1         47       43.7       8.35       43.7       44.2       24.8      23.58       0.00       0.00      0.000
4:16am              6          0          1         47       43.7       8.35       43.7       44.2       24.8      23.58       0.00       0.00      0.000
4:18am              6          0          1         47       43.5       8.35       43.5       44.0       24.6      23.57       0.00       0.00      0.000
4:20am              6          0          1         47       43.5       8.35       43.5       44.0       24.6      23.57       0.00       0.00      0.000
4:22am              6          0          1         47       43.4       8.35       43.4       43.9       24.5      23.58       0.00       0.00      0.000
4:24am              6          0          1         47       43.4       8.35       43.4       43.9       24.5      23.57       0.00       0.00      0.000
4:26am              6          0          1         47       43.3       8.35       43.3       43.8       24.4      23.57       0.00       0.00      0.000
4:28am              6          0          1         47       43.2       8.35       43.2       43.7       24.3      23.59       0.00       0.00      0.000
4:30am              6          0          1         47       43.1       8.35       43.1       43.6       24.3      23.58       0.00       0.00      0.000
4:32am              6          0          0         47       43.0       8.35       43.0       43.5       24.2      23.58       0.00       0.00      0.000
4:34am              6          0          0         47       42.8       8.35       42.8       43.3       24.0      23.57       0.00       0.00      0.000
4:36am              6          0          0         48       42.8       8.35       42.8       43.4       24.5      23.58       0.00       0.00      0.000
4:38am              6          0          0         47       42.8       8.35       42.8       43.3       24.0      23.58       0.00       0.00      0.000
4:40am              6          0          0         48       42.7       8.35       42.7       43.3       24.4      23.57       0.00       0.00      0.000
4:42am              6          0          0         48       42.5       8.35       42.5       43.1       24.2      23.59       0.00       0.00      0.000
4:44am              6          0          0         49       42.6       8.35       42.6       43.3       24.8      23.59       0.00       0.00      0.000
4:46am              6          0          0         49       42.5       8.35       42.5       43.2       24.7      23.57       0.00       0.00      0.000
4:48am              6          0          0         49       42.4       8.35       42.4       43.1       24.6      23.58       0.00       0.00      0.000
4:50am              6          0          0         48       42.4       8.35       42.4       43.0       24.1      23.57       0.00       0.00      0.000
4:52am              6          0          0         49       42.4       8.35       42.4       43.1       24.6      23.58       0.00       0.00      0.000
4:54am              6          0          0         48       42.3       8.35       42.3       42.9       24.0      23.57       0.00       0.00      0.000
4:56am              6          0          0         49       42.1       8.35       42.1       42.8       24.3      23.57       0.00       0.00      0.000
4:58am              6          0          0         49       42.0       8.35       42.0       42.7       24.2      23.57       0.00       0.00      0.000
5:00am              6          0          0         49       42.0       8.35       42.0       42.7       24.2      23.58       0.00       0.00      0.000
5:02am              5          1          1         49       41.8       8.35       41.8       42.5       24.1      23.59       0.00       0.00      0.000
5:04am              6          0          2         49       41.7       8.35       41.7       42.4       24.0      23.58       0.00       0.00      0.000
5:06am              6          0          2         49       41.7       8.35       41.7       42.4       24.0      23.58       0.00       0.00      0.000
5:08am              6          0          2         50       41.6       8.35       41.6       42.4       24.4      23.58       0.00       0.00      0.000
5:10am              6          0          2         50       41.6       8.35       41.6       42.4       24.4      23.58       0.00       0.00      0.000
5:12am              5          0          2         50       41.7       8.35       41.7       42.5       24.4      23.58       0.00       0.00      0.000
5:14am              6          0          2         50       41.7       8.35       41.7       42.5       24.4      23.57       0.00       0.00      0.000
5:16am              6          0          2         50       41.6       8.35       41.6       42.4       24.4      23.58       0.00       0.00      0.000
5:18am              6          0          2         50       41.5       8.35       41.5       42.3       24.3      23.59       0.00       0.00      0.000
5:20am              6          0          2         50       41.4       8.35       41.4       42.2       24.2      23.59       0.00       0.00      0.000
5:22am              6          0          2         50       41.4       8.35       41.4       42.2       24.2      23.58       0.00       0.00      0.000
5:24am              6          0          2         50       41.3       8.35       41.3       42.1       24.1      23.60       0.00       0.00      0.000
5:26am              6          0          2         50       41.3       8.35       41.3       42.1       24.1      23.59       0.00       0.00      0.000
5:28am              6          0          2         50       41.3       8.35       41.3       42.1       24.1      23.59       0.00       0.00      0.000
5:30am              6          0          2         50       41.1       8.35       41.1       41.9       23.9      23.59       0.00       0.00      0.000
5:32am              6          0          1         51       41.0       8.35       41.0       41.9       24.3      23.58       0.00       0.00      0.000
5:34am              6          0          1         50       41.0       8.35       41.0       41.8       23.8      23.58       0.00       0.00      0.000
5:36am              6          0          1         50       40.8       8.35       40.8       41.6       23.6      23.60       0.00       0.00      0.000
5:38am              6          0          1         51       40.7       8.35       40.7       41.6       24.0      23.60       0.00       0.00      0.000
5:40am              6          0          1         51       40.7       8.35       40.7       41.6       24.0      23.59       0.00       0.00      0.000
5:42am              6          0          1         52       40.6       8.35       40.6       41.6       24.4      23.60       0.00       0.00      0.000
5:44am              6          0          1         51       40.5       8.35       40.5       41.4       23.8      23.59       0.00       0.00      0.000
5:46am              5          0          1         52       40.4       8.35       40.4       41.4       24.2      23.60       0.00       0.00      0.000
5:48am              5          0          1         51       40.4       8.35       40.4       41.3       23.7      23.60       0.00       0.00      0.000
5:50am              6          0          1         51       40.3       8.35       40.3       41.2       23.6      23.58       0.00       0.00      0.000
5:52am              6          0          1         51       40.1       8.35       40.1       41.0       23.4      23.60       0.00       0.00      0.000
5:54am              6          0          1         52       40.1       8.35       40.1       41.1       23.9      23.59       0.00       0.00      0.000
5:56am              6          0          1         52       40.1       8.35       40.1       41.1       23.9      23.59       0.00       0.00      0.000
5:58am              6          0          2         52       40.1       8.35       40.1       41.1       23.9      23.59       0.00       0.00      0.000
6:00am              5          0          2         52       40.1       8.35       40.1       41.1       23.9      23.59       0.00       0.00      0.000
6:02am              5          0          0         52       40.1       8.35       40.1       41.1       23.9      23.60       0.00       0.00      0.000
6:04am              6          0          0         52       40.1       8.35       40.1       41.1       23.9      23.59       0.00       0.00      0.000
6:06am              5          0          0         52       40.1       8.35       40.1       41.1       23.9      23.59       0.00       0.00      0.000
6:08am              5          0          0         52       40.1       8.35       40.1       41.1       23.9      23.59       0.00       0.00      0.000
6:10am              6          0          0         52       40.0       8.35       40.0       41.0       23.8      23.59       0.00       0.00      0.000
6:12am              5          0          0         52       40.0       8.35       40.0       41.0       23.8      23.61       0.00       0.00      0.000
6:14am              6          0          2         52       40.0       8.35       40.0       41.0       23.8      23.61       0.00       0.00      0.000
6:16am              5          0          2         53       40.1       8.35       40.1       41.2       24.4      23.60       0.00       0.00      0.000
6:18am              5          0          2         52       40.3       8.35       40.3       41.3       24.1      23.59       0.00       0.00      0.000
6:20am            218          2          2         52       40.2       8.35       40.0       41.2       24.0      23.61       0.00       0.00      0.000
6:22am            156          0          2         52       40.4       8.35       40.4       41.4       24.2      23.60       0.00       0.00      0.000
6:24am            220          0          2         52       40.5       8.35       40.5       41.5       24.3      23.60       0.00       0.00      0.000
6:26am            208          0          2         52       40.7       8.35       40.7       41.7       24.5      23.60       0.00       0.00      0.000
6:28am            210          0          2         52       40.9       8.35       40.9       41.9       24.6      23.60       0.00       0.00      0.000
6:30am            210          0          2         52       41.0       8.35       41.0       42.0       24.7      23.61       0.00       0.00      0.000
6:32am            211          0          0         52       41.0       8.35       41.0       42.0       24.7      23.60       0.00       0.00      0.000
6:34am            211          0          0         52       41.1       8.35       41.1       42.1       24.8      23.60       0.00       0.00      0.000
6:36am            162          0          0         52       41.1       8.35       41.1       42.1       24.8      23.60       0.00       0.00      0.000
6:38am            163          0          0         51       41.3       8.35       41.3       42.2       24.6      23.61       0.00       0.00      0.000
6:40am            163          0          0         52       41.3       8.35       41.3       42.3       25.0      23.61       0.00       0.00      0.000
6:42am            164          0          0         51       41.6       8.35       41.6       42.5       24.8      23.60       0.00       0.00      0.000
6:44am            164          0          0         51       41.7       8.35       41.7       42.6       24.9      23.60       0.00       0.00      0.000
6:46am            164          0          0         50       42.1       8.35       42.1       42.9       24.8      23.60       0.00       0.00      0.000
6:48am            205          0          0         50       42.7       8.35       42.7       43.5       25.4      23.61       0.00       0.00      0.000
6:50am             44          0          0         49       43.0       8.35       43.0       43.7       25.2      23.60       0.00       0.00      0.000
6:52am             44          0          0         49       43.4       8.35       43.4       44.1       25.5      23.60       0.00       0.00      0.000
6:54am             43          0          0         48       43.8       8.35       43.8       44.4       25.4      23.61       0.00       0.00      0.000
6:56am             43          0          0         47       44.3       8.35       44.3       44.8       25.4      23.60       0.00       0.00      0.000
6:58am             43          0          0         46       44.9       8.35       44.9       45.3       25.4      23.61       0.00       0.00      0.000
7:00am             42          0          0         46       45.5       8.35       45.5       45.9       25.9      23.62       0.00       0.00      0.000
7:02am             34          0          0         46       45.9       8.35       45.9       46.3       26.3      23.61       0.00       0.00      0.000
7:04am              1          0          0         45       46.5       8.35       46.5       46.8       26.3      23.60       0.00       0.00      0.000
7:06am              1          0          2         44       47.0       8.35       47.0       47.3       26.2      23.60       0.00       0.00      0.000
7:08am              1          0          2         43       47.4       8.35       47.4       47.6       26.0      23.61       0.00       0.00      0.000
7:10am              1          0          2         43       47.6       8.35       47.6       47.8       26.2      23.60       0.00       0.00      0.000
7:12am             46          0          2         43       48.1       8.35       48.1       48.3       26.7      23.60       0.00       0.00      0.000
7:14am             46          0          2         41       48.4       8.35       48.4       48.4       25.8      23.61       0.00       0.00      0.000
7:16am             46          0          2         41       48.9       8.35       48.9       48.9       26.3      23.61       0.00       0.00      0.000
7:18am             46          0          2         40       49.1       8.35       49.1       49.0       25.8      23.61       0.00       0.00      0.000
7:20am             47          0          2         40       49.3       8.35       49.3       49.2       26.0      23.61       0.00       0.00      0.000
7:22am             47          0          2         40       49.6       8.35       49.6       49.5       26.3      23.61       0.00       0.00      0.000
7:24am             45          0          2         40       49.9       8.35       49.9       49.8       26.6      23.62       0.00       0.00      0.000
7:26am             45          0          2         41       50.2       8.35       50.2       50.2       27.4      23.62       0.00       0.00      0.000
7:28am             45          0          2         40       50.6       8.35       50.6       50.5       27.2      23.62       0.00       0.00      0.000
7:30am             45          0          2         40       51.0       8.35       51.0       50.9       27.5      23.61       0.00       0.00      0.000
7:32am             45          0          0         39       51.2       8.35       51.2       51.0       27.1      23.60       0.00       0.00      0.000
7:34am             45          0          0         42       51.5       8.35       51.5       51.6       29.2      23.62       0.00       0.00      0.000
7:36am             45          0          0         38       52.1       8.35       52.1       51.9       27.3      23.61       0.00       0.00      0.000
7:38am             45          0          0         38       52.7       8.35       52.7       52.5       27.8      23.61       0.00       0.00      0.000
7:40am             45          0          0         37       53.1       8.35       53.1       52.8       27.5      23.63       0.00       0.00      0.000
7:42am             45          0          0         36       53.5       8.35       53.5       53.1       27.2      23.62       0.00       0.00      0.000
7:44am             45          0          0         35       54.1       8.35       54.1       53.6       27.1      23.62       0.00       0.00      0.000
7:46am             45          0          0         35       54.5       8.35       54.5       54.0       27.4      23.62       0.00       0.00      0.000
7:48am             45          0          0         35       54.9       8.35       54.9       54.4       27.8      23.62       0.00       0.00      0.000
7:50am             46          0          0         35       55.5       8.35       55.5       55.0       28.3      23.63       0.00       0.00      0.000
7:52am             45          0          0         34       55.9       8.35       55.9       55.4       28.0      23.63       0.00       0.00      0.000
7:54am             45          0          0         34       56.5       8.35       56.5       56.0       28.5      23.61       0.00       0.00      0.000
7:56am             45          0          0         33       56.9       8.35       56.9       56.3       28.1      23.61       0.00       0.00      0.000
7:58am             44          0          0         33       57.4       8.35       57.4       56.8       28.6      23.62       0.00       0.00      0.000
8:00am             45          0          0         32       58.0       8.35       58.0       57.3       28.3      23.62       0.00       0.00      0.000
8:02am             45          0          0         32       58.3       8.35       58.3       57.6       28.6      23.61       0.00       0.00      0.000
8:04am             45          0          0         32       58.7       8.35       58.7       58.0       28.9      23.61       0.00       0.00      0.000
8:06am              6          0          3         31       59.1       8.35       59.1       58.4       28.5      23.62       0.00       0.00      0.000
8:08am              7          3          3         29       59.4       8.35       59.4       58.5       27.2      23.61       0.00       0.00      0.000
8:10am              8          0          3         28       59.3       8.35       59.3       58.4       26.2      23.62       0.00       0.00      0.000
8:12am              7          1          3         28       59.3       8.35       59.3       58.4       26.2      23.61       0.00       0.00      0.000
8:14am              8          2          4         29       59.4       8.35       59.4       58.5       27.2      23.62       0.00       0.00      0.000
8:16am              8          0          5         29       59.4       8.35       59.4       58.5       27.2      23.61       0.00       0.00      0.000
8:18am              8          2          5         28       59.5       8.35       59.5       58.6       26.4      23.61       0.00       0.00      0.000
8:20am              8          3          5         29       59.8       8.35       59.8       58.9       27.5      23.62       0.00       0.00      0.000
8:22am              8          2          5         28       60.0       8.35       60.0       59.1       26.8      23.61       0.00       0.00      0.000
8:24am              8          0          5         28       60.4       8.35       60.4       59.5       27.2      23.62       0.00       0.00      0.000
8:26am              8          1          5         27       60.8       8.35       60.8       59.8       26.6      23.63       0.00       0.00      0.000
8:28am              8          0          5         27       61.1       8.35       61.1       60.1       26.9      23.62       0.00       0.00      0.000
8:30am              7          0          5         27       61.2       8.35       61.2       60.2       27.0      23.63       0.00       0.00      0.000
8:32am              8          0          4         27       61.5       8.35       61.5       60.5       27.2      23.62       0.00       0.00      0.000
8:34am              8          2          5         27       61.7       8.35       61.7       60.7       27.4      23.61       0.00       0.00      0.000
8:36am              8          1          5         27       61.6       8.35       61.6       60.6       27.3      23.61       0.00       0.00      0.000
8:38am              7          2          5         27       61.7       8.35       61.7       60.7       27.4      23.62       0.00       0.00      0.000
8:40am              8          0          5         27       61.9       8.35       61.9       60.9       27.6      23.61       0.00       0.00      0.000
8:42am              7          2          5         27       62.3       8.35       62.3       61.3       27.9      23.61       0.00       0.00      0.000
8:44am              8          2          5         27       62.8       8.35       62.8       61.8       28.3      23.62       0.00       0.00      0.000
8:46am              8          4          5         27       62.9       8.35       62.9       61.9       28.4      23.62       0.00       0.00      0.000
8:48am              8          4          6         27       63.1       8.35       63.1       62.1       28.6      23.62       0.00       0.00      0.000
8:50am              8          3          6         27       62.9       8.35       62.9       61.9       28.4      23.62       0.00       0.00      0.000
8:52am              9          2          6         27       63.1       8.35       63.1       62.1       28.6      23.61       0.00       0.00      0.000
8:54am              9          0          6         27       63.1       8.35       63.1       62.1       28.6      23.63       0.00       0.00      0.000
8:56am              9          0          6         27       63.1       8.35       63.1       62.1       28.6      23.62       0.00       0.00      0.000
8:58am              9          0          6         27       63.6       8.35       63.6       62.6       29.0      23.61       0.00       0.00      0.000
9:00am              9          0          7         26       63.9       8.35       63.9       62.8       28.4      23.61       0.00       0.00      0.000
9:02am              9          0          0         26       64.3       8.35       64.3       63.2       28.7      23.62       0.00       0.00      0.000
9:04am              9          0          1         26       64.6       8.35       64.6       63.5       29.0      23.61       0.00       0.00      0.000
9:06am              9          0          3         26       64.7       8.35       64.7       63.6       29.1      23.63       0.00       0.00      0.000
9:08am              9          0          3         26       64.9       8.35       64.9       63.8       29.2      23.61       0.00       0.00      0.000
9:10am              9          0          3         25       65.2       8.35       65.2       64.1       28.5      23.62       0.00       0.00      0.000
9:12am              9          1          3         25       65.4       8.35       65.4       64.3       28.7      23.62       0.00       0.00      0.000
9:14am              9          2          5         25       65.7       8.35       65.7       64.6       28.9      23.61       0.00       0.00      0.000
9:16am             11          0          5         25       66.0       8.35       66.0       64.9       29.2      23.62       0.00       0.00      0.000
9:18am             12          0          5         24       66.2       8.35       66.2       65.0       28.4      23.62       0.00       0.00      0.000
9:20am              7          1          5         24       66.3       8.35       66.3       65.1       28.5      23.62       0.00       0.00      0.000
9:22am              7          0          5         24       66.5       8.35       66.5       65.3       28.6      23.62       0.00       0.00      0.000
9:24am              8          1          5         24       66.5       8.35       66.5       65.3       28.6      23.62       0.00       0.00      0.000
9:26am             15          4          6         24       66.5       8.35       66.5       65.3       28.6      23.61       0.00       0.00      0.000
9:28am             29          3          6         25       66.3       8.35       66.3       65.2       29.5      23.62       0.00       0.00      0.000
9:30am            164          2          7         24       66.3       8.35       66.3       65.1       28.5      23.61       0.00       0.00      0.000
9:32am             59          7         10         24       66.3       8.35       66.3       65.1       28.5      23.61       0.00       0.00      0.000
9:34am              5          2         10         24       66.1       8.35       66.1       64.9       28.3      23.62       0.00       0.00      0.000
9:36am              9          2         10         24       66.3       8.35       66.3       65.1       28.5      23.62       0.00       0.00      0.000
9:38am              6          2         10         24       66.7       8.35       66.7       65.5       28.8      23.62       0.00       0.00      0.000
9:40am              6          5         10         24       67.0       8.35       67.0       65.8       29.0      23.61       0.00       0.00      0.000
9:42am              6          2         10         23       67.1       8.35       67.1       65.9       28.1      23.62       0.00       0.00      0.000
9:44am              5          2         10         24       67.3       8.35       67.3       66.1       29.3      23.62       0.00       0.00      0.000
9:46am              7          1         10         24       67.5       8.35       67.5       66.3       29.5      23.62       0.00       0.00      0.000
9:48am             28          2         10         23       67.6       8.35       67.6       66.4       28.5      23.63       0.00       0.00      0.000
9:50am              6          8         10         23       67.8       8.35       67.8       66.6       28.7      23.61       0.00       0.00      0.000
9:52am              6          2         10         23       67.8       8.35       67.8       66.6       28.7      23.61       0.00       0.00      0.000
9:54am              7          2         10         22       67.8       8.35       67.8       66.5       27.6      23.62       0.00       0.00      0.000
9:56am             15          1         10         22       67.8       8.35       67.8       66.5       27.6      23.62       0.00       0.00      0.000
9:58am              2          2         10         22       67.8       8.35       67.8       66.5       27.6      23.62       0.00       0.00      0.000
10:00am            10          0         10         22       68.0       8.35       68.0       66.7       27.8      23.62       0.00       0.00      0.000
10:02am             6          1          5         22       68.3       8.35       68.3       67.0       28.0      23.61       0.00       0.00      0.000
10:04am             7          2          7         22       68.6       8.35       68.6       67.3       28.3      23.61       0.00       0.00      0.000
10:06am             6          2          7         22       68.8       8.35       68.8       67.5       28.4      23.63       0.00       0.00      0.000
10:08am             0          0          7         22       69.0       8.35       69.0       67.7       28.6      23.62       0.00       0.00      0.000
10:10am             7          0          7         21       69.0       8.35       69.0       67.6       27.5      23.62       0.00       0.00      0.000
10:12am             5          0          7         22       69.1       8.35       69.1       67.8       28.7      23.62       0.00       0.00      0.000
10:14am             7          0          7         21       69.2       8.35       69.2       67.8       27.6      23.62       0.00       0.00      0.000
10:16am             6          4          7         21       69.4       8.35       69.4       68.0       27.8      23.61       0.00       0.00      0.000
10:18am             7          3          7         22       69.6       8.35       69.6       68.3       29.1      23.63       0.00       0.00      0.000
10:20am             8          2          7         22       69.5       8.35       69.5       68.2       29.0      23.61       0.00       0.00      0.000
10:22am             6          3          7         21       69.3       8.35       69.3       67.9       27.7      23.62       0.00       0.00      0.000
10:24am             0          3          7         21       69.3       8.35       69.3       67.9       27.7      23.61       0.00       0.00      0.000
10:26am            13          1          7         21       69.3       8.35       69.3       67.9       27.7      23.63       0.00       0.00      0.000
10:28am             7          3          7         21       69.0       8.35       69.0       67.6       27.5      23.62       0.00       0.00      0.000
10:30am             8          2          7         22       68.9       8.35       68.9       67.6       28.5      23.61       0.00       0.00      0.000
10:32am             5          1          7         22       69.1       8.35       69.1       67.8       28.7      23.62       0.00       0.00      0.000
10:34am             0          1          7         22       69.3       8.35       69.3       68.0       28.9      23.62       0.00       0.00      0.000
10:36am             4          2          7         21       69.3       8.35       69.3       67.9       27.7      23.61       0.00       0.00      0.000
10:38am             3          0          7         21       69.3       8.35       69.3       67.9       27.7      23.62       0.00       0.00      0.000
10:40am            20          3          7         21       69.1       8.35       69.1       67.7       27.6      23.61       0.00       0.00      0.000
10:42am            15          4          7         21       68.5       8.35       68.5       67.1       27.1      23.63       0.00       0.00      0.000
10:44am            15          2          7         21       68.0       8.35       68.0       66.6       26.6      23.61       0.00       0.00      0.000
10:46am            15          0          7         22       67.8       8.35       67.8       66.5       27.6      23.63       0.00       0.00      0.000
10:48am            14          5          7         22       68.0       8.35       68.0       66.7       27.8      23.62       0.00       0.00      0.000
10:50am            13          0          7         21       68.6       8.35       68.6       67.2       27.1      23.61       0.00       0.00      0.000
10:52am             9          3          7         22       68.9       8.35       68.9       67.6       28.5      23.62       0.00       0.00      0.000
10:54am             8          4          7         21       69.3       8.35       69.3       67.9       27.7      23.61       0.00       0.00      0.000
10:56am             9          0          9         21       70.0       8.35       70.0       68.6       28.3      23.62       0.00       0.00      0.000
10:58am             9          2          9         21       70.4       8.35       70.4       69.0       28.6      23.61       0.00       0.00      0.000
11:00am             9          2          9         21       70.3       8.35       70.3       68.9       28.6      23.63       0.00       0.00      0.000
11:02am             9          0          3         21       70.1       8.35       70.1       68.7       28.4      23.61       0.00       0.00      0.000
11:04am             9          0          3         21       70.3       8.35       70.3       68.9       28.6      23.61       0.00       0.00      0.000
11:06am             8          0          5         21       70.3       8.35       70.3       68.9       28.6      23.61       0.00       0.00      0.000
11:08am             8          2          5         21       70.1       8.35       70.1       68.7       28.4      23.63       0.00       0.00      0.000
11:10am             8          1          5         21       69.8       8.35       69.8       68.4       28.1      23.61       0.00       0.00      0.000
11:12am             0          0          5         21       69.4       8.35       69.4       68.0       27.8      23.61       0.00       0.00      0.000
11:14am             8          2          6         22       69.1       8.35       69.1       67.8       28.7      23.62       0.00       0.00      0.000
11:16am             8          3          6         21       69.0       8.35       69.0       67.6       27.5      23.61       0.00       0.00      0.000
11:18am             7          1          6         22       68.8       8.35       68.8       67.5       28.4      23.62       0.00       0.00      0.000
11:20am             8          0          6         21       68.8       8.35       68.8       67.4       27.3      23.60       0.00       0.00      0.000
11:22am            16          3          6         22       68.6       8.35       68.6       67.3       28.3      23.62       0.00       0.00      0.000
11:24am            14          1          6         22       68.5       8.35       68.5       67.2       28.2      23.61       0.00       0.00      0.000
11:26am            13          3          6         22       68.1       8.35       68.1       66.8       27.9      23.61       0.00       0.00      0.000
11:28am            13          0          6         21       67.8       8.35       67.8       66.4       26.5      23.62       0.00       0.00      0.000
11:30am            13          0          6         22       67.6       8.35       67.6       66.3       27.4      23.63       0.00       0.00      0.000
11:32am            13          0          0         22       67.3       8.35       67.3       66.0       27.2      23.62       0.00       0.00      0.000
11:34am            13          0          0         22       67.3       8.35       67.3       66.0       27.2      23.62       0.00       0.00      0.000
11:36am            13          0          0         22       67.5       8.35       67.5       66.2       27.4      23.61       0.00       0.00      0.000
11:38am            35          0          5         22       68.0       8.35       68.0       66.7       27.8      23.61       0.00       0.00      0.000
11:40am            94          2          5         22       68.3       8.35       68.3       67.0       28.0      23.60       0.00       0.00      0.000
11:42am           310          2          5         22       68.6       8.35       68.6       67.3       28.3      23.61       0.00       0.00      0.000
11:44am           310          5          7         21       69.1       8.35       69.1       67.7       27.6      23.60       0.00       0.00      0.000
11:46am           140          3          7         22       69.1       8.35       69.1       67.8       28.7      23.62       0.00       0.00      0.000
11:48am             7          2          7         21       69.5       8.35       69.5       68.1       27.9      23.61       0.00       0.00      0.000
11:50am             7          2          7         21       69.8       8.35       69.8       68.4       28.1      23.61       0.00       0.00      0.000
11:52am           100          2          7         21       70.1       8.35       70.1       68.7       28.4      23.61       0.00       0.00      0.000
11:54am           312          1          7         21       70.3       8.35       70.3       68.9       28.6      23.61       0.00       0.00      0.000
11:56am           309          3          7         21       70.4       8.35       70.4       69.0       28.6      23.60       0.00       0.00      0.000
11:58am           297          2          7         21       70.6       8.35       70.6       69.2       28.8      23.61       0.00       0.00      0.000
12:00pm           270          1          7         20       70.8       8.35       70.8       69.4       27.8      23.61       0.00       0.00      0.000
12:02pm             4          0          5         20       71.1       8.35       71.1       69.7       28.0      23.60       0.00       0.00      0.000
12:04pm             7          1          5         20       71.5       8.35       71.5       70.1       28.4      23.60       0.00       0.00      0.000
12:06pm             7          0          6         19       72.0       8.35       72.0       70.5       27.5      23.60       0.00       0.00      0.000
12:08pm             7          3          6         20       72.2       8.35       72.2       70.8       28.9      23.60       0.00       0.00      0.000
12:10pm             8          0          6         20       72.4       8.35       72.4       71.0       29.1      23.61       0.00       0.00      0.000
12:12pm             1          2          6         19       72.9       8.35       72.9       71.4       28.3      23.60       0.00       0.00      0.000
12:14pm             1          2          6         19       73.2       8.35       73.2       71.7       28.5      23.61       0.00       0.00      0.000
12:16pm           108          2          7         19       72.9       8.35       72.9       71.4       28.3      23.61       0.00       0.00      0.000
12:18pm           122          0          7         19       72.1       8.35       72.1       70.6       27.6      23.61       0.00       0.00      0.000
12:20pm           123          2          7         19       71.5       8.35       71.5       70.0       27.1      23.61       0.00       0.00      0.000
12:22pm            10          3          8         20       70.9       8.35       70.9       69.5       27.9      23.61       0.00       0.00      0.000
12:24pm            10          3          9         20       70.3       8.35       70.3       68.9       27.4      23.60       0.00       0.00      0.000
12:26pm            14          2          9         20       69.9       8.35       69.9       68.5       27.0      23.61       0.00       0.00      0.000
12:28pm            11          4          9         21       69.8       8.35       69.8       68.4       28.1      23.61       0.00       0.00      0.000
12:30pm            11          0          9         20       69.8       8.35       69.8       68.4       27.0      23.61       0.00       0.00      0.000
12:32pm            17          4          4         21       70.0       8.35       70.0       68.6       28.3      23.60       0.00       0.00      0.000
12:34pm            37          3          5         21       69.9       8.35       69.9       68.5       28.2      23.60       0.00       0.00      0.000
12:36pm            18          0          5         20       70.0       8.35       70.0       68.6       27.1      23.60       0.00       0.00      0.000
12:38pm            74          3          9         20       69.6       8.35       69.6       68.2       26.8      23.60       0.00       0.00      0.000
12:40pm             4          0          9         21       69.3       8.35       69.3       67.9       27.7      23.60       0.00       0.00      0.000
12:42pm            63          2          9         21       69.0       8.35       69.0       67.6       27.5      23.60       0.00       0.00      0.000
12:44pm           109          4          9         21       68.6       8.35       68.6       67.2       27.1      23.61       0.00       0.00      0.000
12:46pm            79          5          9         21       68.6       8.35       68.6       67.2       27.1      23.60       0.00       0.00      0.000
12:48pm            92          2          9         21       68.6       8.35       68.6       67.2       27.1      23.61       0.00       0.00      0.000
12:50pm            39          6          9         22       68.6       8.35       68.6       67.3       28.3      23.60       0.00       0.00      0.000
12:52pm             6          5         10         21       68.8       8.35       68.8       67.4       27.3      23.61       0.00       0.00      0.000
12:54pm             7          0         10         21       69.0       8.35       69.0       67.6       27.5      23.61       0.00       0.00      0.000
12:56pm             7          0         10         21       69.0       8.35       69.0       67.6       27.5      23.59       0.00       0.00      0.000
12:58pm            66          3         10         21       69.1       8.35       69.1       67.7       27.6      23.60       0.00       0.00      0.000
1:00pm              6          3         10         22       69.1       8.35       69.1       67.8       28.7      23.60       0.00       0.00      0.000
1:02pm              7          0          4         22       68.9       8.35       68.9       67.6       28.5      23.59       0.00       0.00      0.000
1:04pm              3          0          7         22       69.0       8.35       69.0       67.7       28.6      23.59       0.00       0.00      0.000
1:06pm              3          0          7         24       68.8       8.35       68.8       67.6       30.6      23.59       0.00       0.00      0.000
1:08pm              4          2          7         27       68.8       8.35       68.8       67.8       33.5      23.60       0.00       0.00      0.000
1:10pm              3          4          7         24       68.8       8.35       68.8       67.6       30.6      23.61       0.00       0.00      0.000
1:12pm              5          5          7         26       68.5       8.35       68.5       67.4       32.3      23.60       0.00       0.00      0.000
1:14pm              4          0          7         27       68.3       8.35       68.3       67.3       33.1      23.61       0.00       0.00      0.000
1:16pm              7          2          7         26       68.3       8.35       68.3       67.2       32.1      23.60       0.00       0.00      0.000
1:18pm             38          2          7         26       68.3       8.35       68.3       67.2       32.1      23.60       0.00       0.00      0.000
1:20pm              7          3          7         27       68.3       8.35       68.3       67.3       33.1      23.59       0.00       0.00      0.000
1:22pm              7          2          7         24       68.3       8.35       68.3       67.1       30.1      23.59       0.00       0.00      0.000
1:24pm              5          4          7         24       68.1       8.35       68.1       66.9       30.0      23.59       0.00       0.00      0.000
1:26pm              8          3          7         25       68.0       8.35       68.0       66.9       30.9      23.62       0.00       0.00      0.000
1:28pm              3          2          7         24       67.8       8.35       67.8       66.6       29.7      23.60       0.00       0.00      0.000
1:30pm              7          1          7         25       67.5       8.35       67.5       66.4       30.5      23.61       0.00       0.00      0.000
1:32pm              6          6          9         27       67.5       8.35       67.5       66.5       32.4      23.60       0.00       0.00      0.000
1:34pm              6          3          9         27       67.5       8.35       67.5       66.5       32.4      23.59       0.00       0.00      0.000
1:36pm              7          0         10         27       67.1       8.35       67.1       66.1       32.0      23.60       0.00       0.00      0.000
1:38pm              6          3         10         27       66.8       8.35       66.8       65.8       31.8      23.61       0.00       0.00      0.000
1:40pm              6          3         10         27       66.6       8.35       66.6       65.6       31.6      23.61       0.00       0.00      0.000
1:42pm              6          5         10         27       66.6       8.35       66.6       65.6       31.6      23.60       0.00       0.00      0.000
1:44pm              6          1         10         26       66.5       8.35       66.5       65.4       30.6      23.59       0.00       0.00      0.000
1:46pm              7          0         10         26       66.5       8.35       66.5       65.4       30.6      23.61       0.00       0.00      0.000
1:48pm              0          3         10         25       66.5       8.35       66.5       65.4       29.6      23.60       0.00       0.00      0.000
1:50pm              4          1         10         26       66.3       8.35       66.3       65.2       30.4      23.62       0.00       0.00      0.000
1:52pm              6          0         10         26       66.3       8.35       66.3       65.2       30.4      23.60       0.00       0.00      0.000
1:54pm              4          1         10         26       66.3       8.35       66.3       65.2       30.4      23.60       0.00       0.00      0.000
1:56pm              7          3         10         26       66.3       8.35       66.3       65.2       30.4      23.61       0.00       0.00      0.000
1:58pm             45         11         17         27       66.2       8.35       66.0       65.2       31.3      23.61       0.00       0.00      0.000
2:00pm             72          6         17         27       65.5       8.35       65.5       64.5       30.7      23.62       0.00       0.00      0.000
2:02pm             64          1          7         29       64.7       8.35       64.7       63.8       31.7      23.61       0.00       0.00      0.000
2:04pm             58          4         11         31       63.9       8.35       63.9       63.2       32.7      23.62       0.00       0.00      0.000
2:06pm             20          3         11         35       62.6       8.35       62.6       62.1       34.6      23.62       0.00       0.00      0.000
2:08pm             12          3         11         37       61.5       8.35       61.5       61.2       35.0      23.61       0.00       0.00      0.000
2:10pm             50          1         11         38       61.1       8.35       61.1       60.9       35.3      23.63       0.00       0.00      0.000
2:12pm             57          4         11         38       60.6       8.35       60.6       60.4       34.9      23.62       0.00       0.00      0.000
2:14pm             76          8         11         39       60.1       8.35       59.1       59.9       35.1      23.62       0.00       0.00      0.000
2:16pm             64          6         11         42       59.7       8.35       59.2       59.8       36.6      23.62       0.00       0.00      0.000
2:18pm             93          9         14         47       58.8       8.35       57.2       59.3       38.6      23.62       0.00       0.00      0.000
